OW             8  16.000000  0.00000000  A     0.29599219        0.87864
HW             1   1.008000  0.00000000  A     0.10690785      0.0656888
NA            11   22.99     0.00000000  A          0.242          0.085
Na            11   22.99     0.00000000  A          0.242          0.085
IB             1   0.000     0.00000000  A          0.000          0.000
C0             1   0.000     0.00000000  A          0.000          0.000
Cl             1   0.000     0.00000000  A          0.000          0.000
MG             1   0.000     0.00000000  A          0.000          0.000
K              1   0.000     0.00000000  A          0.000          0.000
Rb             1   0.000     0.00000000  A          0.000          0.000
Cs             1   0.000     0.00000000  A          0.000          0.000
Li             1   0.000     0.00000000  A          0.000          0.000
Zn             1   0.000     0.00000000  A          0.000          0.000
