@<TRIPOS>MOLECULE
ML2.pdb
   52    54     1     0     0
SMALL
wc


@<TRIPOS>ATOM
      1 C            1.4910     7.3860    -8.9930 ca         1 ML2      -0.053000
      2 C1           0.9110     8.7200    -9.0790 ca         1 ML2       0.000500
      3 C2           0.6540     9.2880   -10.2460 ca         1 ML2      -0.047600
      4 C3           1.7770     6.6960   -10.2530 ca         1 ML2      -0.058100
      5 C4           1.5190     7.2660   -11.4220 ca         1 ML2      -0.045000
      6 C5           1.8270     6.5270   -12.6680 c3         1 ML2      -0.039400
      7 C6           0.9390     8.6020   -11.5010 ca         1 ML2      -0.017300
      8 C7           0.6980     9.1280   -12.6550 c3         1 ML2       0.088100
      9 C8           0.6220     9.4170    -7.7930 c3         1 ML2       0.003200
     10 C9           1.8940     9.7740    -7.0640 c3         1 ML2      -0.005200
     11 C10          2.7680    10.6530    -7.9430 c3         1 ML2      -0.042800
     12 C11          2.0190    11.9080    -8.3340 c3         1 ML2      -0.012400
     13 C12          0.6500    11.8850    -7.6680 c3         1 ML2      -0.033100
     14 N           -0.1170    10.7040    -8.1660 n4         1 ML2       0.232500
     15 O            1.0070     8.3910   -13.7630 os         1 ML2      -0.303500
     16 S            1.8480     9.0310   -15.0940 s6         1 ML2       0.008400
     17 O1           0.9860     9.9690   -15.8730 oh         1 ML2      -0.323600
     18 C13          2.2550     7.8900   -15.9790 c3         1 ML2       0.013800
     19 C14          3.2790     9.8790   -14.5990 c3         1 ML2       0.189200
     20 C15          3.5450    11.1830   -15.0090 c2         1 ML2      -0.031300
     21 C16          4.7060    11.7630   -14.5620 ce         1 ML2      -0.058500
     22 C17          5.6040    11.1160   -13.7370 ce         1 ML2      -0.027500
     23 C18          5.3420     9.8240   -13.3300 c2         1 ML2       0.086700
     24 O2           4.1770     9.2280   -13.7740 os         1 ML2      -0.479100
     25 H            1.6920     6.9450    -8.0820 ha         1 ML2       0.062200
     26 H1           0.2440    10.2350   -10.2690 ha         1 ML2       0.062600
     27 H2           2.1870     5.7490   -10.2300 ha         1 ML2       0.062000
     28 H3           1.5600     7.1260   -13.5130 hc         1 ML2       0.027800
     29 H4           1.2700     5.6130   -12.6880 hc         1 ML2       0.027800
     30 H5           2.8740     6.3080   -12.7030 hc         1 ML2       0.027800
     31 H6          -0.3490     9.3440   -12.6960 h1         1 ML2       0.062300
     32 H7           1.3440     9.9790   -12.7060 h1         1 ML2       0.062300
     33 H8           0.0480     8.7850    -7.1480 hx         1 ML2       0.090300
     34 H9           1.6510    10.3020    -6.1650 hc         1 ML2       0.032300
     35 H10          2.4260     8.8770    -6.8260 hc         1 ML2       0.032300
     36 H11          3.6530    10.9220    -7.4050 hc         1 ML2       0.026900
     37 H12          3.0300    10.1120    -8.8280 hc         1 ML2       0.026900
     38 H13          1.9020    11.9410    -9.3970 hc         1 ML2       0.031700
     39 H14          2.5650    12.7720    -8.0180 hc         1 ML2       0.031700
     40 H15          0.1200    12.7830    -7.9080 hx         1 ML2       0.081400
     41 H16          0.7670    11.8170    -6.6070 hx         1 ML2       0.081400
     42 H17         -1.0440    10.6980    -7.7410 hn         1 ML2       0.202000
     43 H18         -0.2060    10.7610    -9.1810 hn         1 ML2       0.202000
     44 H19          1.4880    10.3200   -16.6250 ho         1 ML2       0.227900
     45 H20          2.7880     8.2680   -16.8260 h1         1 ML2       0.036800
     46 H21          1.3820     7.3670   -16.3110 h1         1 ML2       0.036800
     47 H22          2.8850     7.2210   -15.4310 h1         1 ML2       0.036800
     48 H23          2.7580    10.6300   -15.1550 h2         1 ML2       0.092500
     49 H24          2.8940    11.6940   -15.6260 ha         1 ML2       0.061800
     50 H25          4.9180    12.7290   -14.8570 ha         1 ML2       0.061700
     51 H26          6.4640    11.5950   -13.4270 ha         1 ML2       0.064800
     52 H27          5.9960     9.3180   -12.7130 h4         1 ML2       0.102400
@<TRIPOS>BOND
     1    18    16 1   
     2    17    16 1   
     3    16    19 1   
     4    16    15 1   
     5    20    19 1   
     6    20    21 2   
     7    19    24 1   
     8    21    22 1   
     9    24    23 1   
    10    15     8 1   
    11    22    23 2   
    12     6     5 1   
    13     8     7 1   
    14     7     5 ar  
    15     7     3 ar  
    16     5     4 ar  
    17     4     1 ar  
    18     3     2 ar  
    19     2     1 ar  
    20     2     9 1   
    21    12    11 1   
    22    12    13 1   
    23    14     9 1   
    24    14    13 1   
    25    11    10 1   
    26     9    10 1   
    27     1    25 1   
    28     3    26 1   
    29     4    27 1   
    30     6    28 1   
    31     6    29 1   
    32     6    30 1   
    33     8    31 1   
    34     8    32 1   
    35     9    33 1   
    36    10    34 1   
    37    10    35 1   
    38    11    36 1   
    39    11    37 1   
    40    12    38 1   
    41    12    39 1   
    42    13    40 1   
    43    13    41 1   
    44    14    42 1   
    45    14    43 1   
    46    17    44 1   
    47    18    45 1   
    48    18    46 1   
    49    18    47 1   
    50    19    48 1   
    51    20    49 1   
    52    21    50 1   
    53    22    51 1   
    54    23    52 1   
@<TRIPOS>SUBSTRUCTURE
     1 ML2         1 TEMP              0 ****  ****    0 ROOT
