Run semi-empirical minimization
 &qmmm
    qm_theory='AM1', grms_tol=0.0005,
 scfconv=1.d-10, ndiis_attempts=700,   qmcharge=0,
 /
   6     C       -3.9710        6.9710        3.9980 
   6    C1       -3.0320        7.8920        4.3960 
   6    C2       -3.3330        9.2420        4.2600 
   6    C3       -4.5300        9.6930        3.7430 
   6    C4       -5.4650        8.7310        3.3460 
   6    C5       -5.1740        7.3750        3.4800 
   8     O       -6.1540        6.4630        3.0690 
   6    C6       -3.6730        5.5320        4.1100 
   6    C7       -2.7300        5.1270        1.8210 
   6    C8       -2.5140        5.0800        3.3070 
   1     H       -2.1260        7.5890        4.7860 
   1    H1       -2.6310        9.9370        4.5590 
   1    H2       -4.7280       10.7020        3.6530 
   1    H3       -6.3720        9.0260        2.9530 
   1    H4       -5.9970        5.5420        3.1430 
   1    H5       -4.5350        4.9860        3.7880 
   1    H6       -3.4220        5.3520        5.1340 
   1    H7       -1.8480        4.7850        1.3210 
   1    H8       -2.9420        6.1330        1.5230 
   1    H9       -3.5540        4.4970        1.5600 
   1   H10       -2.2910        4.0700        3.5810 
   1   H11       -1.7130        5.7570        3.5200 

